(0,8.75e-1) (1,-2.7499999999999991e-1) (2,-1.7499999999999993e-1) (3,
    -7.4999999999999956e-2) (4,2.5000000000000022e-2) (5,1.25e-1) (6,
    -1.0249999999999999) (7,-5.9999999999999987e-1) (8,-1.7499999999999988e-1) (9,
    2.5000000000000011e-1) (10,6.7500000000000004e-1) (11,-2.4999999999999911e-2) (12,
    4.0000000000000008e-1) (13,1.5000000000000008e-1) (14,2.5000000000000006e-1) (15,
    3.5000000000000003e-1) (16,2.2500000000000003e-1) (17,3.2500000000000001e-1) (18,
    2.0000000000000001e-1) (19,2.9999999999999999e-1) (20,3.9999999999999997e-1) (21,
    2.7499999999999997e-1) (22,3.7499999999999994e-1) (23,2.4999999999999994e-1) (24,
    3.4999999999999992e-1) (25,2.2499999999999992e-1) (26,-9.2500000000000004e-1) (27,
    -8.2500000000000007e-1) (28,-7.2500000000000009e-1) (29,-6.2500000000000011e-1) (
    30,-5.2500000000000013e-1) (31,-1.0000000000000014e-1) (32,-8.0000000000000004e-1)
    (33,-3.7500000000000006e-1) (34,4.9999999999999933e-2) (35,-6.5000000000000002e-1)
    (36,-2.2500000000000003e-1) (37,1.9999999999999996e-1) (38,2.9999999999999993e-1) (
    39,3.9999999999999991e-1) (40,2.7499999999999991e-1) (41,3.7499999999999989e-1) (
    42,2.4999999999999989e-1) (43,3.4999999999999987e-1) (44,2.2499999999999987e-1) (
    45,3.2499999999999984e-1) (46,1.9999999999999984e-1) (47,2.9999999999999982e-1) (
    48,3.999999999999998e-1) (49,-7.5000000000000011e-1) (50,-6.5000000000000013e-1) (
    51,-5.5000000000000016e-1) (52,-4.5000000000000018e-1) (53,-3.500000000000002e-1) (
    54,-1.5) (55,-1.075) (56,-6.4999999999999991e-1) (57,-2.2499999999999992e-1) (58,
    2.0000000000000007e-1) (59,-4.9999999999999989e-1) (60,-7.49999999999999e-2) (61,
    3.5000000000000009e-1) (62,2.2500000000000009e-1) (63,3.2500000000000007e-1) (64,
    2.0000000000000007e-1) (65,3.0000000000000004e-1) (66,1.7500000000000004e-1) (67,
    2.7500000000000002e-1) (68,3.75e-1) (69,2.5e-1) (70,3.4999999999999998e-1) (71,
    2.2499999999999998e-1) (72,-9.2499999999999993e-1) (73,-8.2499999999999996e-1) (74,
    -7.2499999999999998e-1) (75,-6.25e-1) (76,-5.2500000000000002e-1) (77,
    -1.6749999999999998) (78,-1.5749999999999997) (79,-1.1499999999999997) (80,
    -7.2499999999999964e-1) (81,-2.9999999999999966e-1) (82,-9.9999999999999956e-1) (
    83,-5.7499999999999951e-1) (84,-1.4999999999999952e-1) (85,2.7500000000000047e-1) (
    86,-8.7499999999999944e-1) (87,-7.7499999999999947e-1) (88,-6.7499999999999949e-1)
    (89,-5.7499999999999951e-1) (90,-4.7499999999999953e-1) (91,-3.7499999999999956e-1)
    (92,-2.7499999999999958e-1) (93,-1.749999999999996e-1) (94,-7.4999999999999623e-2)
    (95,2.5000000000000355e-2) (96,1.2500000000000033e-1) (97,2.2500000000000031e-1) (
    98,3.2500000000000029e-1) (99,2.0000000000000029e-1) (100,3.0000000000000027e-1) (
    101,1.7500000000000027e-1) (102,2.7500000000000024e-1) (103,-4.2499999999999971e-1)
    (104,2.7755575615628914e-16) (105,4.2500000000000027e-1) (106,
    -2.7499999999999969e-1) (107,1.500000000000003e-1) (108,5.7500000000000029e-1) (
    109,3.2500000000000029e-1) (110,2.0000000000000029e-1) (111,3.0000000000000027e-1)
    (112,1.7500000000000027e-1) (113,2.7500000000000024e-1) (114,3.7500000000000022e-1)
    (115,2.5000000000000022e-1) (116,3.500000000000002e-1) (117,2.250000000000002e-1) (
    118,3.2500000000000018e-1) (119,2.0000000000000018e-1) (120,3.0000000000000016e-1)
    (121,-8.4999999999999976e-1) (122,-7.4999999999999978e-1) (123,
    -6.499999999999998e-1) (124,-5.4999999999999982e-1) (125,-4.4999999999999984e-1) (
    126,-1.5999999999999996) (127,-1.1749999999999996) (128,-7.4999999999999956e-1) (
    129,-3.2499999999999957e-1) (130,1.0000000000000042e-1) (131,
    -5.9999999999999953e-1) (132,-1.7499999999999954e-1) (133,2.5000000000000044e-1) (
    134,3.5000000000000042e-1) (135,2.2500000000000042e-1) (136,3.250000000000004e-1) (
    137,2.000000000000004e-1) (138,3.0000000000000038e-1) (139,1.7500000000000038e-1) (
    140,2.7500000000000036e-1) (141,3.7500000000000033e-1) (142,2.5000000000000033e-1)
    (143,3.5000000000000031e-1) (144,2.2500000000000031e-1) (145,-9.249999999999996e-1)
    (146,-8.2499999999999962e-1) (147,-7.2499999999999964e-1) (148,
    -6.2499999999999967e-1) (149,-1.7749999999999995) (150,-1.6749999999999994) (151,
    -1.2499999999999993) (152,-8.2499999999999929e-1) (153,-3.999999999999993e-1) (154,
    -1.0999999999999992) (155,-6.7499999999999916e-1) (156,-2.4999999999999917e-1) (
    157,1.7500000000000082e-1) (158,2.750000000000008e-1) (159,3.7500000000000078e-1) (
    160,2.5000000000000078e-1) (161,3.5000000000000075e-1) (162,2.2500000000000075e-1)
    (163,3.2500000000000073e-1) (164,2.0000000000000073e-1) (165,3.0000000000000071e-1)
    (166,1.7500000000000071e-1) (167,-9.749999999999992e-1) (168,
    -8.7499999999999922e-1) (169,-7.7499999999999925e-1) (170,-6.7499999999999927e-1) (
    171,-5.7499999999999929e-1) (172,-4.7499999999999931e-1) (173,-1.6249999999999991)
    (174,-1.524999999999999) (175,-1.099999999999999) (176,-6.7499999999999893e-1) (
    177,-2.4999999999999895e-1) (178,-9.4999999999999885e-1) (179,
    -5.249999999999988e-1) (180,-9.9999999999998812e-2) (181,3.2500000000000118e-1) (
    182,2.0000000000000118e-1) (183,3.0000000000000115e-1) (184,1.7500000000000115e-1)
    (185,2.7500000000000113e-1) (186,3.7500000000000111e-1) (187,2.5000000000000111e-1)
    (188,3.5000000000000109e-1) (189,2.2500000000000109e-1) (190,
    -9.2499999999999882e-1) (191,-8.2499999999999885e-1) (192,-7.2499999999999887e-1) (
    193,-6.2499999999999889e-1) (194,-5.2499999999999891e-1) (195,
    -4.2499999999999893e-1) (196,-3.2499999999999896e-1) (197,-1.4749999999999988) (
    198,-1.3749999999999987) (199,-9.4999999999999862e-1) (200,-5.2499999999999858e-1)
    (201,-9.999999999999859e-2) (202,-7.9999999999999849e-1) (203,
    -3.749999999999985e-1) (204,5.0000000000001488e-2) (205,4.7500000000000148e-1) (
    206,3.5000000000000148e-1) (207,2.2500000000000148e-1) (208,3.2500000000000145e-1)
    (209,2.0000000000000145e-1) (210,3.0000000000000143e-1) (211,1.7500000000000143e-1)
    (212,2.7500000000000141e-1) (213,-8.7499999999999845e-1) (214,
    -7.7499999999999847e-1) (215,-6.7499999999999849e-1) (216,-5.7499999999999851e-1) (
    217,-4.7499999999999853e-1) (218,-3.7499999999999856e-1) (219,
    -2.7499999999999858e-1) (220,-1.749999999999986e-1) (221,-1.3249999999999984) (222,
    -1.2249999999999983) (223,-7.9999999999999827e-1) (224,-3.7499999999999828e-1) (
    225,5.000000000000171e-2) (226,-6.4999999999999825e-1) (227,-2.2499999999999826e-1)
    (228,2.0000000000000173e-1) (229,6.2500000000000178e-1) (230,5.0000000000000178e-1)
    (231,3.7500000000000178e-1) (232,2.5000000000000178e-1) (233,3.5000000000000175e-1)
    (234,2.2500000000000175e-1) (235,3.2500000000000173e-1) (236,2.0000000000000173e-1)
    (237,-9.4999999999999818e-1) (238,-8.499999999999982e-1) (239,
    -7.4999999999999822e-1) (240,-6.4999999999999825e-1) (241,-5.4999999999999827e-1) (
    242,-4.4999999999999829e-1) (243,-3.4999999999999831e-1) (244,-1.4999999999999982)
    (245,-1.3999999999999981) (246,-1.299999999999998) (247,-8.74999999999998e-1) (248,
    -4.4999999999999801e-1) (249,-1.1499999999999979) (250,-7.2499999999999787e-1) (
    251,-2.9999999999999788e-1) (252,-9.9999999999999778e-1) (253,
    -5.7499999999999774e-1) (254,-4.7499999999999776e-1) (255,-3.7499999999999778e-1) (
    256,-2.749999999999978e-1) (257,-1.7499999999999782e-1) (258,
    -7.4999999999997846e-2) (259,2.5000000000002132e-2) (260,1.2500000000000211e-1) (
    261,2.2500000000000209e-1) (262,3.2500000000000207e-1) (263,2.0000000000000207e-1)
    (264,3.0000000000000204e-1) (265,1.7500000000000204e-1) (266,2.7500000000000202e-1)
    (267,3.75000000000002e-1) (268,2.50000000000002e-1) (269,-8.9999999999999791e-1) (
    270,-7.9999999999999793e-1) (271,-3.7499999999999795e-1) (272,
    5.0000000000002043e-2) (273,-6.4999999999999791e-1) (274,-2.2499999999999792e-1) (
    275,2.0000000000000207e-1) (276,-4.9999999999999789e-1) (277,
    -7.4999999999997902e-2) (278,2.5000000000002076e-2) (279,1.2500000000000205e-1) (
    280,2.2500000000000203e-1) (281,3.2500000000000201e-1) (282,2.0000000000000201e-1)
    (283,3.0000000000000199e-1) (284,1.7500000000000199e-1) (285,2.7500000000000197e-1)
    (286,3.7500000000000194e-1) (287,2.5000000000000194e-1) (288,3.5000000000000192e-1)
    (289,2.2500000000000192e-1) (290,3.250000000000019e-1) (291,-8.2499999999999796e-1)
    (292,-7.2499999999999798e-1) (293,-6.24999999999998e-1) (294,
    -5.2499999999999802e-1) (295,-9.9999999999998035e-2) (296,-7.9999999999999805e-1) (
    297,-3.7499999999999806e-1) (298,5.0000000000001932e-2) (299,
    -6.4999999999999802e-1) (300,-2.2499999999999803e-1) (301,2.0000000000000195e-1) (
    302,3.0000000000000193e-1) (303,1.7500000000000193e-1) (304,2.7500000000000191e-1)
    (305,3.7500000000000189e-1) (306,2.5000000000000189e-1) (307,3.5000000000000187e-1)
    (308,2.2500000000000187e-1) (309,3.2500000000000184e-1) (310,2.0000000000000184e-1)
    (311,3.0000000000000182e-1) (312,1.7500000000000182e-1) (313,
    -9.7499999999999809e-1) (314,-8.7499999999999811e-1) (315,-7.7499999999999813e-1) (
    316,-6.7499999999999816e-1) (317,-5.7499999999999818e-1) (318,-1.7249999999999981)
    (319,-1.299999999999998) (320,-8.74999999999998e-1) (321,-4.4999999999999801e-1) (
    322,-2.4999999999998024e-2) (323,-7.2499999999999798e-1) (324,
    -2.9999999999999799e-1) (325,1.25000000000002e-1) (326,2.2500000000000198e-1) (327,
    3.2500000000000195e-1) (328,2.0000000000000195e-1) (329,3.0000000000000193e-1) (
    330,1.7500000000000193e-1) (331,2.7500000000000191e-1) (332,3.7500000000000189e-1)
    (333,2.5000000000000189e-1) (334,3.5000000000000187e-1) (335,2.2500000000000187e-1)
    (336,3.2500000000000184e-1) (337,-8.2499999999999807e-1) (338,
    -7.2499999999999809e-1) (339,-6.2499999999999811e-1) (340,-5.2499999999999813e-1) (
    341,-4.2499999999999816e-1) (342,-1.574999999999998) (343,-1.1499999999999979) (
    344,-7.2499999999999787e-1) (345,-2.9999999999999788e-1) (346,
    1.2500000000000211e-1) (347,-5.7499999999999785e-1) (348,-1.4999999999999786e-1) (
    349,2.7500000000000213e-1) (350,3.7500000000000211e-1) (351,2.5000000000000211e-1)
    (352,3.5000000000000209e-1) (353,2.2500000000000209e-1) (354,3.2500000000000207e-1)
    (355,2.0000000000000207e-1) (356,3.0000000000000204e-1) (357,1.7500000000000204e-1)
    (358,2.7500000000000202e-1) (359,3.75000000000002e-1) (360,2.50000000000002e-1) (
    361,-8.9999999999999791e-1) (362,-7.9999999999999793e-1) (363,
    -6.9999999999999796e-1) (364,-5.9999999999999798e-1) (365,-1.7499999999999978) (
    366,-1.6499999999999977) (367,-1.2249999999999976) (368,-7.999999999999976e-1) (
    369,-3.7499999999999761e-1) (370,-1.0749999999999975) (371,-6.4999999999999747e-1)
    (372,-2.2499999999999748e-1) (373,2.0000000000000251e-1) (374,
    -9.499999999999974e-1) (375,-8.4999999999999742e-1) (376,-7.4999999999999745e-1) (
    377,-6.4999999999999747e-1) (378,-5.4999999999999749e-1) (379,
    -4.4999999999999751e-1) (380,-3.4999999999999754e-1) (381,-2.4999999999999756e-1) (
    382,-1.4999999999999758e-1) (383,-4.9999999999997602e-2) (384,
    5.0000000000002376e-2) (385,1.5000000000000235e-1) (386,2.5000000000000233e-1) (
    387,3.5000000000000231e-1) (388,2.2500000000000231e-1) (389,3.2500000000000229e-1)
    (390,2.0000000000000229e-1) (391,-4.9999999999999767e-1) (392,
    -7.499999999999768e-2) (393,3.5000000000000231e-1) (394,-3.4999999999999765e-1) (
    395,7.5000000000002343e-2) (396,5.0000000000000233e-1) (397,2.5000000000000233e-1)
    (398,3.5000000000000231e-1) (399,2.2500000000000231e-1) (400,3.2500000000000229e-1)
    (401,2.0000000000000229e-1) (402,3.0000000000000226e-1) (403,1.7500000000000226e-1)
    (404,2.7500000000000224e-1) (405,3.7500000000000222e-1) (406,2.5000000000000222e-1)
    (407,3.500000000000022e-1) (408,2.250000000000022e-1) (409,-9.2499999999999771e-1)
    (410,-8.2499999999999774e-1) (411,-7.2499999999999776e-1) (412,
    -6.2499999999999778e-1) (413,-5.249999999999978e-1) (414,-1.6749999999999976) (415,
    -1.2499999999999976) (416,-8.2499999999999751e-1) (417,-3.9999999999999752e-1) (
    418,2.5000000000002465e-2) (419,-6.7499999999999749e-1) (420,-2.499999999999975e-1)
    (421,1.7500000000000249e-1) (422,2.7500000000000246e-1) (423,3.7500000000000244e-1)
    (424,2.5000000000000244e-1) (425,3.5000000000000242e-1) (426,2.2500000000000242e-1)
    (427,3.250000000000024e-1) (428,2.000000000000024e-1) (429,3.0000000000000238e-1) (
    430,1.7500000000000238e-1) (431,2.7500000000000235e-1) (432,3.7500000000000233e-1)
    (433,-7.7499999999999758e-1) (434,-6.749999999999976e-1) (435,
    -5.7499999999999762e-1) (436,-4.7499999999999765e-1) (437,-3.7499999999999767e-1) (
    438,-1.5249999999999977) (439,-1.0999999999999976) (440,-6.749999999999976e-1) (
    441,-2.4999999999999761e-1) (442,1.7500000000000238e-1) (443,
    -5.2499999999999758e-1) (444,-9.9999999999997591e-2) (445,3.250000000000024e-1) (
    446,2.000000000000024e-1) (447,3.0000000000000238e-1) (448,1.7500000000000238e-1) (
    449,2.7500000000000235e-1) (450,3.7500000000000233e-1) (451,2.5000000000000233e-1)
    (452,3.5000000000000231e-1) (453,2.2500000000000231e-1) (454,3.2500000000000229e-1)
    (455,2.0000000000000229e-1) (456,-9.4999999999999762e-1) (457,
    -8.4999999999999765e-1) (458,-7.4999999999999767e-1) (459,-6.4999999999999769e-1) (
    460,-5.4999999999999771e-1) (461,-1.6999999999999975) (462,-1.5999999999999974) (
    463,-1.1749999999999974) (464,-7.4999999999999734e-1) (465,-3.2499999999999735e-1)
    (466,-1.0249999999999972) (467,-5.999999999999972e-1) (468,-1.7499999999999721e-1)
    (469,2.5000000000000278e-1) (470,3.5000000000000275e-1) (471,2.2500000000000275e-1)
    (472,3.2500000000000273e-1) (473,2.0000000000000273e-1) (474,3.0000000000000271e-1)
    (475,1.7500000000000271e-1) (476,2.7500000000000269e-1) (477,3.7500000000000266e-1)
    (478,2.5000000000000266e-1) (479,-8.9999999999999725e-1) (480,
    -7.9999999999999727e-1) (481,-6.9999999999999729e-1) (482,-5.9999999999999731e-1) (
    483,-4.9999999999999734e-1) (484,-3.9999999999999736e-1) (485,-1.5499999999999972)
    (486,-1.4499999999999971) (487,-1.024999999999997) (488,-5.9999999999999698e-1) (
    489,-1.7499999999999699e-1) (490,-8.7499999999999689e-1) (491,
    -4.499999999999969e-1) (492,-2.4999999999996914e-2) (493,4.0000000000000308e-1) (
    494,2.7500000000000308e-1) (495,3.7500000000000305e-1) (496,2.5000000000000305e-1)
    (497,3.5000000000000303e-1) (498,2.2500000000000303e-1) 499,3.2500000000000301e-1
