(0,2.0e+1) (1,1.95e+1) (2,1.9e+1) (3,1.873e+1) (4,1.8460000000000001e+1) (5,1.8190000000000001e+1) (6,1.8170000000000002e+1) (7,
    1.8150000000000002e+1) (8,1.8130000000000003e+1) (9,1.8110000000000003e+1) (10,1.8090000000000003e+1) (11,1.8070000000000004e+1) (12,
    1.8300000000000004e+1) (13,1.8530000000000005e+1) (14,1.8760000000000005e+1) (15,1.8990000000000006e+1) (16,1.9220000000000006e+1) (17,
    1.9220000000000006e+1) (18,1.8970000000000006e+1) (19,1.8950000000000006e+1) (20,1.8930000000000007e+1) (21,1.8910000000000007e+1) (22,
    1.8890000000000008e+1) (23,1.8870000000000008e+1) (24,1.8600000000000009e+1) (25,1.8330000000000009e+1) (26,1.8060000000000009e+1) (27,
    1.779000000000001e+1) (28,1.752000000000001e+1) (29,1.7250000000000011e+1) (30,1.7230000000000011e+1) (31,1.7210000000000012e+1) (32,
    1.7190000000000012e+1) (33,1.7170000000000012e+1) (34,1.7150000000000013e+1) (35,1.7130000000000013e+1) (36,1.7360000000000014e+1) (37,
    1.7590000000000014e+1) (38,1.7820000000000014e+1) (39,1.8050000000000015e+1) (40,1.8280000000000015e+1) (41,1.8510000000000016e+1) (42,
    1.8490000000000016e+1) (43,1.8470000000000017e+1) (44,1.8450000000000017e+1) (45,1.8430000000000017e+1) (46,1.8410000000000018e+1) (47,
    1.8390000000000018e+1) (48,1.8120000000000019e+1) (49,1.7850000000000019e+1) (50,1.758000000000002e+1) (51,1.731000000000002e+1) (52,
    1.704000000000002e+1) (53,1.6770000000000021e+1) (54,1.6750000000000021e+1) (55,1.6730000000000022e+1) (56,1.6710000000000022e+1) (57,
    1.6690000000000023e+1) (58,1.6670000000000023e+1) (59,1.6650000000000023e+1) (60,1.6880000000000024e+1) (61,1.7110000000000024e+1) (62,
    1.7340000000000025e+1) (63,1.7570000000000025e+1) (64,1.7800000000000026e+1) (65,1.8030000000000026e+1) (66,1.8010000000000026e+1) (67,
    1.7990000000000027e+1) (68,1.7970000000000027e+1) (69,1.7950000000000028e+1) (70,1.7930000000000028e+1) (71,1.7910000000000029e+1) (72,
    1.7640000000000029e+1) (73,1.7370000000000029e+1) (74,1.710000000000003e+1) (75,1.683000000000003e+1) (76,1.6560000000000031e+1) (77,
    1.6290000000000031e+1) (78,1.6270000000000032e+1) (79,1.6250000000000032e+1) (80,1.6230000000000032e+1) (81,1.6210000000000033e+1) (82,
    1.6190000000000033e+1) (83,1.6170000000000034e+1) (84,1.6400000000000034e+1) (85,1.6630000000000035e+1) (86,1.6860000000000035e+1) (87,
    1.7090000000000035e+1) (88,1.7320000000000036e+1) (89,1.7550000000000036e+1) (90,1.7530000000000037e+1) (91,1.7510000000000037e+1) (92,
    1.7490000000000038e+1) (93,1.7470000000000038e+1) (94,1.7450000000000038e+1) (95,1.7430000000000039e+1) (96,1.7160000000000039e+1) (97,
    1.689000000000004e+1) (98,1.662000000000004e+1) (99,1.6350000000000041e+1) (100,1.6080000000000041e+1) (101,1.5810000000000041e+1) (102,
    1.5790000000000042e+1) (103,1.5770000000000042e+1) (104,1.5750000000000043e+1) (105,1.5730000000000043e+1) (106,1.5710000000000043e+1) (107,
    1.5690000000000044e+1) (108,1.5920000000000044e+1) (109,1.6150000000000045e+1) (110,1.6380000000000045e+1) (111,1.6610000000000046e+1) (112,
    1.6840000000000046e+1) (113,1.7070000000000046e+1) (114,1.7050000000000047e+1) (115,1.7030000000000047e+1) (116,1.7010000000000048e+1) (117,
    1.6990000000000048e+1) (118,1.6970000000000049e+1) (119,1.6950000000000049e+1) (120,1.6680000000000049e+1) (121,1.641000000000005e+1) (122,
    1.614000000000005e+1) (123,1.5870000000000051e+1) (124,1.5600000000000051e+1) (125,1.5330000000000052e+1) (126,1.5310000000000052e+1) (127,
    1.5290000000000052e+1) (128,1.5270000000000053e+1) (129,1.5250000000000053e+1) (130,1.5230000000000054e+1) (131,1.5210000000000054e+1) (132,
    1.5440000000000055e+1) (133,1.5670000000000055e+1) (134,1.5900000000000055e+1) (135,1.6130000000000056e+1) (136,1.6360000000000056e+1) (137,
    1.6590000000000057e+1) (138,1.6570000000000057e+1) (139,1.6550000000000058e+1) (140,1.6530000000000058e+1) (141,1.6510000000000058e+1) (142,
    1.6490000000000059e+1) (143,1.6470000000000059e+1) (144,1.620000000000006e+1) (145,1.593000000000006e+1) (146,1.5660000000000061e+1) (147,
    1.5390000000000061e+1) (148,1.5120000000000061e+1) (149,1.4850000000000062e+1) (150,1.4830000000000062e+1) (151,1.4810000000000063e+1) (152,
    1.4790000000000063e+1) (153,1.4770000000000064e+1) (154,1.4750000000000064e+1) (155,1.4730000000000064e+1) (156,1.4960000000000065e+1) (157,
    1.5190000000000065e+1) (158,1.5420000000000066e+1) (159,1.5650000000000066e+1) (160,1.5880000000000067e+1) (161,1.6110000000000067e+1) (162,
    1.6090000000000067e+1) (163,1.6070000000000068e+1) (164,1.6050000000000068e+1) (165,1.6030000000000069e+1) (166,1.6010000000000069e+1) (167,
    1.5990000000000069e+1) (168,1.572000000000007e+1) (169,1.545000000000007e+1) (170,1.5180000000000071e+1) (171,1.4910000000000071e+1) (172,
    1.4640000000000072e+1) (173,1.4370000000000072e+1) (174,1.4350000000000072e+1) (175,1.4330000000000073e+1) (176,1.4310000000000073e+1) (177,
    1.4290000000000074e+1) (178,1.4270000000000074e+1) (179,1.4250000000000075e+1) (180,1.4480000000000075e+1) (181,1.4710000000000075e+1) (182,
    1.4940000000000076e+1) (183,1.5170000000000076e+1) (184,1.5400000000000077e+1) (185,1.5630000000000077e+1) (186,1.5610000000000078e+1) (187,
    1.5590000000000078e+1) (188,1.5570000000000078e+1) (189,1.5550000000000079e+1) (190,1.5530000000000079e+1) (191,1.551000000000008e+1) (192,
    1.524000000000008e+1) (193,1.4970000000000081e+1) (194,1.4700000000000081e+1) (195,1.4430000000000081e+1) (196,1.4160000000000082e+1) (197,
    1.3890000000000082e+1) (198,1.3870000000000083e+1) (199,1.3850000000000083e+1) (200,1.3830000000000084e+1) (201,1.3810000000000084e+1) (202,
    1.3790000000000084e+1) (203,1.3770000000000085e+1) (204,1.4000000000000085e+1) (205,1.4230000000000086e+1) (206,1.4460000000000086e+1) (207,
    1.4690000000000087e+1) (208,1.4920000000000087e+1) (209,1.5150000000000087e+1) (210,1.5130000000000088e+1) (211,1.5110000000000088e+1) (212,
    1.5090000000000089e+1) (213,1.5070000000000089e+1) (214,1.505000000000009e+1) (215,1.503000000000009e+1) (216,1.476000000000009e+1) (217,
    1.4490000000000091e+1) (218,1.4220000000000091e+1) (219,1.3950000000000092e+1) (220,1.3680000000000092e+1) (221,1.3410000000000093e+1) (222,
    1.3390000000000093e+1) (223,1.3370000000000093e+1) (224,1.3350000000000094e+1) (225,1.3330000000000094e+1) (226,1.3310000000000095e+1) (227,
    1.3290000000000095e+1) (228,1.3520000000000095e+1) (229,1.3750000000000096e+1) (230,1.3980000000000096e+1) (231,1.4210000000000097e+1) (232,
    1.4440000000000097e+1) (233,1.4670000000000098e+1) (234,1.4650000000000098e+1) (235,1.4630000000000098e+1) (236,1.4610000000000099e+1) (237,
    1.4590000000000099e+1) (238,1.45700000000001e+1) (239,1.45500000000001e+1) (240,1.4280000000000101e+1) (241,1.4010000000000101e+1) (242,
    1.3740000000000101e+1) (243,1.3470000000000102e+1) (244,1.3200000000000102e+1) (245,1.2930000000000103e+1) (246,1.2910000000000103e+1) (247,
    1.2890000000000104e+1) (248,1.2870000000000104e+1) (249,1.2850000000000104e+1) (250,1.2830000000000105e+1) (251,1.2810000000000105e+1) (252,
    1.3040000000000106e+1) (253,1.3270000000000106e+1) (254,1.3500000000000107e+1) (255,1.3730000000000107e+1) (256,1.3960000000000107e+1) (257,
    1.4190000000000108e+1) (258,1.4170000000000108e+1) (259,1.4150000000000109e+1) (260,1.4130000000000109e+1) (261,1.411000000000011e+1) (262,
    1.409000000000011e+1) (263,1.407000000000011e+1) (264,1.3800000000000111e+1) (265,1.3530000000000111e+1) (266,1.3260000000000112e+1) (267,
    1.2990000000000112e+1) (268,1.2720000000000113e+1) (269,1.2450000000000113e+1) (270,1.2430000000000113e+1) (271,1.2410000000000114e+1) (272,
    1.2390000000000114e+1) (273,1.2370000000000115e+1) (274,1.2350000000000115e+1) (275,1.2330000000000116e+1) (276,1.2560000000000116e+1) (277,
    1.2790000000000116e+1) (278,1.3020000000000117e+1) (279,1.3250000000000117e+1) (280,1.3480000000000118e+1) (281,1.3710000000000118e+1) (282,
    1.3690000000000119e+1) (283,1.3670000000000119e+1) (284,1.3650000000000119e+1) (285,1.363000000000012e+1) (286,1.361000000000012e+1) (287,
    1.3590000000000121e+1) (288,1.3320000000000121e+1) (289,1.3050000000000122e+1) (290,1.2780000000000122e+1) (291,1.2510000000000122e+1) (292,
    1.2240000000000123e+1) (293,1.1970000000000123e+1) (294,1.1950000000000124e+1) (295,1.1930000000000124e+1) (296,1.1910000000000124e+1) (297,
    1.1890000000000125e+1) (298,1.1870000000000125e+1) (299,1.1850000000000126e+1) (300,1.2080000000000126e+1) (301,1.2310000000000127e+1) (302,
    1.2540000000000127e+1) (303,1.2770000000000127e+1) (304,1.3000000000000128e+1) (305,1.3230000000000128e+1) (306,1.3210000000000129e+1) (307,
    1.3190000000000129e+1) (308,1.317000000000013e+1) (309,1.315000000000013e+1) (310,1.313000000000013e+1) (311,1.3110000000000131e+1) (312,
    1.2840000000000131e+1) (313,1.2570000000000132e+1) (314,1.2300000000000132e+1) (315,1.2030000000000133e+1) (316,1.1760000000000133e+1) (317,
    1.1490000000000133e+1) (318,1.1470000000000134e+1) (319,1.1450000000000134e+1) (320,1.1430000000000135e+1) (321,1.1410000000000135e+1) (322,
    1.1390000000000136e+1) (323,1.1370000000000136e+1) (324,1.1600000000000136e+1) (325,1.1830000000000137e+1) (326,1.2060000000000137e+1) (327,
    1.2290000000000138e+1) (328,1.2520000000000138e+1) (329,1.2750000000000139e+1) (330,1.2730000000000139e+1) (331,1.2710000000000139e+1) (332,
    1.269000000000014e+1) (333,1.267000000000014e+1) (334,1.2650000000000141e+1) (335,1.2630000000000141e+1) (336,1.2360000000000142e+1) (337,
    1.2090000000000142e+1) (338,1.1820000000000142e+1) (339,1.1550000000000143e+1) (340,1.1280000000000143e+1) (341,1.1010000000000144e+1) (342,
    1.0990000000000144e+1) (343,1.0970000000000145e+1) (344,1.0950000000000145e+1) (345,1.0930000000000145e+1) (346,1.0910000000000146e+1) (347,
    1.0890000000000146e+1) (348,1.1120000000000147e+1) (349,1.1350000000000147e+1) (350,1.1580000000000148e+1) (351,1.1810000000000148e+1) (352,
    1.2040000000000148e+1) (353,1.2270000000000149e+1) (354,1.2250000000000149e+1) (355,1.223000000000015e+1) (356,1.221000000000015e+1) (357,
    1.219000000000015e+1) (358,1.2170000000000151e+1) (359,1.2150000000000151e+1) (360,1.1880000000000152e+1) (361,1.1610000000000152e+1) (362,
    1.1340000000000153e+1) (363,1.1070000000000153e+1) (364,1.0800000000000153e+1) (365,1.0530000000000154e+1) (366,1.0510000000000154e+1) (367,
    1.0490000000000155e+1) (368,1.0470000000000155e+1) (369,1.0450000000000156e+1) (370,1.0430000000000156e+1) (371,1.0410000000000156e+1) (372,
    1.0640000000000157e+1) (373,1.0870000000000157e+1) (374,1.1100000000000158e+1) (375,1.1330000000000158e+1) (376,1.1560000000000159e+1) (377,
    1.1790000000000159e+1) (378,1.1770000000000159e+1) (379,1.175000000000016e+1) (380,1.173000000000016e+1) (381,1.1710000000000161e+1) (382,
    1.1690000000000161e+1) (383,1.1670000000000162e+1) (384,1.1400000000000162e+1) (385,1.1130000000000162e+1) (386,1.0860000000000163e+1) (387,
    1.0590000000000163e+1) (388,1.0320000000000164e+1) (389,1.0050000000000164e+1) (390,1.0030000000000165e+1) (391,1.0010000000000165e+1) (392,
    9.9900000000001654) (393,9.9700000000001658) (394,9.9500000000001663) (395,9.9300000000001667) (396,1.0160000000000167e+1) (397,
    1.0390000000000168e+1) (398,1.0620000000000168e+1) (399,1.0850000000000168e+1) (400,1.1080000000000169e+1) (401,1.1310000000000169e+1) (402,
    1.129000000000017e+1) (403,1.127000000000017e+1) (404,1.1250000000000171e+1) (405,1.1230000000000171e+1) (406,1.1210000000000171e+1) (407,
    1.1190000000000172e+1) (408,1.0920000000000172e+1) (409,1.0650000000000173e+1) (410,1.0380000000000173e+1) (411,1.0110000000000174e+1) (412,
    9.8400000000001739) (413,9.5700000000001744) (414,9.5500000000001748) (415,9.5300000000001752) (416,9.5100000000001756) (417,9.4900000000001761)
    (418,9.4700000000001765) (419,9.4500000000001769) (420,9.6800000000001774) (421,9.9100000000001778) (422,1.0140000000000178e+1) (423,
    1.0370000000000179e+1) (424,1.0600000000000179e+1) (425,1.0830000000000179e+1) (426,1.081000000000018e+1) (427,1.079000000000018e+1) (428,
    1.0770000000000181e+1) (429,1.0750000000000181e+1) (430,1.0730000000000182e+1) (431,1.0710000000000182e+1) (432,1.0440000000000182e+1) (433,
    1.0170000000000183e+1) (434,9.9000000000001833) (435,9.6300000000001837) (436,9.3600000000001842) (437,9.0900000000001846) (438,
    9.070000000000185) (439,9.0500000000001855) (440,9.0300000000001859) (441,9.0100000000001863) (442,8.9900000000001867) (443,8.9700000000001872)
    (444,9.2000000000001876) (445,9.430000000000188) (446,9.6600000000001884) (447,9.8900000000001889) (448,1.0120000000000189e+1) (449,
    1.035000000000019e+1) (450,1.033000000000019e+1) (451,1.0310000000000191e+1) (452,1.0290000000000191e+1) (453,1.0270000000000191e+1) (454,
    1.0250000000000192e+1) (455,1.0230000000000192e+1) (456,9.9600000000001927) (457,9.6900000000001931) (458,9.4200000000001936) (459,
    9.150000000000194) (460,8.8800000000001944) (461,8.6100000000001948) (462,8.5900000000001953) (463,8.5700000000001957) (464,8.5500000000001961)
    (465,8.5300000000001965) (466,8.510000000000197) (467,8.4900000000001974) (468,8.7200000000001978) (469,8.9500000000001982) (470,
    9.1800000000001987) (471,9.4100000000001991) (472,9.6400000000001995) (473,9.8700000000001999) (474,9.8500000000002004) (475,9.8300000000002008)
    (476,9.8100000000002012) (477,9.7900000000002017) (478,9.7700000000002021) (479,9.7500000000002025) (480,9.4800000000002029) (481,
    9.2100000000002034) (482,8.9400000000002038) (483,8.6700000000002042) (484,8.4000000000002046) (485,8.1300000000002051) (486,8.1100000000002055)
    (487,8.0900000000002059) (488,8.0700000000002063) (489,8.0500000000002068) (490,8.0300000000002072) (491,8.0100000000002076) (492,
    8.240000000000208) (493,8.4700000000002085) (494,8.7000000000002089) (495,8.9300000000002093) (496,9.1600000000002098) (497,9.3900000000002102)
    (498,9.3700000000002106) (499,9.350000000000211) (500,9.3300000000002115) (501,9.3100000000002119) (502,9.2900000000002123) (503,
    9.2700000000002127) (504,9.0000000000002132) (505,8.7300000000002136) (506,8.460000000000214) (507,8.1900000000002144) (508,7.9200000000002149)
    (509,7.6500000000002153) (510,7.6300000000002157) (511,7.6100000000002161) (512,7.5900000000002166) (513,7.570000000000217) (514,
    7.5500000000002174) (515,7.5300000000002179) (516,7.7600000000002183) (517,7.9900000000002187) (518,8.2200000000002191) (519,8.4500000000002196)
    (520,8.68000000000022) (521,8.9100000000002204) (522,8.8900000000002208) (523,8.8700000000002213) (524,8.8500000000002217) (525,
    8.8300000000002221) (526,8.8100000000002225) (527,8.790000000000223) (528,8.5200000000002234) (529,8.2500000000002238) (530,7.9800000000002242)
    (531,7.7100000000002247) (532,7.4400000000002251) (533,7.1700000000002255) (534,7.150000000000226) (535,7.1300000000002264) (536,
    7.1100000000002268) (537,7.0900000000002272) (538,7.0700000000002277) (539,7.0500000000002281) (540,7.2800000000002285) (541,7.5100000000002289)
    (542,7.7400000000002294) (543,7.9700000000002298) (544,8.2000000000002302) (545,8.4300000000002306) (546,8.4100000000002311) (547,
    8.3900000000002315) (548,8.3700000000002319) (549,8.3500000000002323) (550,8.3300000000002328) (551,8.3100000000002332) (552,8.0400000000002336)
    (553,7.7700000000002341) (554,7.5000000000002345) (555,7.2300000000002349) (556,6.9600000000002353) (557,6.6900000000002358) (558,
    6.6700000000002362) (559,6.6500000000002366) (560,6.630000000000237) (561,6.6100000000002375) (562,6.5900000000002379) (563,6.5700000000002383)
    (564,6.8000000000002387) (565,7.0300000000002392) (566,7.2600000000002396) (567,7.49000000000024) (568,7.7200000000002404) (569,
    7.9500000000002409) (570,7.9300000000002413) (571,7.9100000000002417) (572,7.8900000000002422) (573,7.8700000000002426) (574,7.850000000000243)
    (575,7.8300000000002434) (576,7.5600000000002439) (577,7.2900000000002443) (578,7.0200000000002447) (579,6.7500000000002451) (580,
    6.4800000000002456) (581,6.210000000000246) (582,6.1900000000002464) (583,6.1700000000002468) (584,6.1500000000002473) (585,6.1300000000002477)
    (586,6.1100000000002481) (587,6.0900000000002485) (588,6.320000000000249) (589,6.5500000000002494) (590,6.7800000000002498) (591,
    7.0100000000002503) (592,7.2400000000002507) (593,7.4700000000002511) (594,7.4500000000002515) (595,7.430000000000252) (596,7.4100000000002524)
    (597,7.3900000000002528) (598,7.3700000000002532) (599,7.3500000000002537) (600,7.0800000000002541) (601,6.8100000000002545) (602,
    6.5400000000002549) (603,6.2700000000002554) (604,6.0000000000002558) (605,5.7300000000002562) (606,5.7100000000002566) (607,5.6900000000002571)
    (608,5.6700000000002575) (609,5.6500000000002579) (610,5.6300000000002584) (611,5.6100000000002588) (612,5.8400000000002592) (613,
    6.0700000000002596) (614,6.3000000000002601) (615,6.5300000000002605) (616,6.7600000000002609) (617,6.9900000000002613) (618,6.9700000000002618)
    (619,6.9500000000002622) (620,6.9300000000002626) (621,6.910000000000263) (622,6.8900000000002635) (623,6.8700000000002639) (624,
    6.6000000000002643) (625,6.3300000000002647) (626,6.0600000000002652) (627,5.7900000000002656) (628,5.520000000000266) (629,5.2500000000002665)
    (630,5.2300000000002669) (631,5.2100000000002673) (632,5.1900000000002677) (633,5.1700000000002682) (634,5.1500000000002686) (635,
    5.130000000000269) (636,5.3600000000002694) (637,5.5900000000002699) (638,5.8200000000002703) (639,6.0500000000002707) (640,6.2800000000002711)
    (641,6.5100000000002716) (642,6.490000000000272) (643,6.4700000000002724) (644,6.4500000000002728) (645,6.4300000000002733) (646,
    6.4100000000002737) (647,6.3900000000002741) (648,6.1200000000002746) (649,5.850000000000275) (650,5.5800000000002754) (651,5.3100000000002758)
    (652,5.0400000000002763) (653,4.7700000000002767) (654,4.7500000000002771) (655,4.7300000000002775) (656,4.710000000000278) (657,
    4.6900000000002784) (658,4.6700000000002788) (659,4.6500000000002792) (660,4.8800000000002797) (661,5.1100000000002801) (662,5.3400000000002805)
    (663,5.5700000000002809) (664,5.8000000000002814) (665,6.0300000000002818) (666,6.0100000000002822) (667,5.9900000000002827) (668,
    5.9700000000002831) (669,5.9500000000002835) (670,5.9300000000002839) (671,5.9100000000002844) (672,5.6400000000002848) (673,5.3700000000002852)
    (674,5.1000000000002856) (675,4.8300000000002861) (676,4.5600000000002865) (677,4.2900000000002869) (678,4.2700000000002873) (679,
    4.2500000000002878) (680,4.2300000000002882) (681,4.2100000000002886) (682,4.190000000000289) (683,4.1700000000002895) (684,4.4000000000002899)
    (685,4.6300000000002903) (686,4.8600000000002908) (687,5.0900000000002912) (688,5.3200000000002916) (689,5.550000000000292) (690,
    5.5300000000002925) (691,5.5100000000002929) (692,5.4900000000002933) (693,5.4700000000002937) (694,5.4500000000002942) (695,5.4300000000002946)
    (696,5.160000000000295) (697,4.8900000000002954) (698,4.6200000000002959) (699,4.3500000000002963) (700,4.0800000000002967) (701,
    3.8100000000002967) (702,3.7900000000002967) (703,3.7700000000002967) (704,3.7500000000002967) (705,3.7300000000002966) (706,3.7100000000002966)
    (707,3.6900000000002966) (708,3.9200000000002966) (709,4.150000000000297) (710,4.3800000000002974) (711,4.6100000000002979) (712,
    4.8400000000002983) 713,5.0700000000002987
