(0,1.875) (1,1.75) (2,1.625) (3,6.0000000000000009e-1) (4,7.0000000000000007e-1) (5,
    8.0000000000000004e-1) (6,9.0000000000000002e-1) (7,1.4500000000000002) (8,8.7500000000000022e-1) (9,
    3.0000000000000027e-1) (10,8.5000000000000031e-1) (11,2.7500000000000036e-1) (12,-2.999999999999996e-1) (13,
    2.5000000000000044e-1) (14,3.5000000000000042e-1) (15,4.500000000000004e-1) (16,5.5000000000000038e-1) (17,
    6.5000000000000036e-1) (18,7.5000000000000033e-1) (19,8.5000000000000031e-1) (20,9.5000000000000029e-1) (21,
    1.0500000000000003) (22,9.2500000000000027e-1) (23,1.0250000000000004) (24,9.0000000000000036e-1) (25,
    1.0000000000000004) (26,8.7500000000000044e-1) (27,-1.4999999999999947e-1) (28,-4.9999999999999489e-2) (29,
    -1.0749999999999993) (30,-9.7499999999999931e-1) (31,-4.2499999999999927e-1) (32,1.2500000000000078e-1) (33,
    -4.4999999999999918e-1) (34,-1.024999999999999) (35,-4.7499999999999898e-1) (36,-1.0499999999999989) (37,
    -4.9999999999999889e-1) (38,-1.5249999999999988) (39,-1.4249999999999989) (40,-1.3249999999999988) (41,
    -1.2249999999999988) (42,-1.1249999999999987) (43,-1.0249999999999986) (44,-9.249999999999986e-1) (45,
    -8.2499999999999862e-1) (46,-7.2499999999999865e-1) (47,-6.2499999999999867e-1) (48,-5.2499999999999869e-1) (49,
    -4.2499999999999871e-1) (50,-3.2499999999999873e-1) (51,-2.2499999999999876e-1) (52,-1.2499999999999878e-1) (53,
    -2.4999999999998801e-2) (54,-1.0499999999999987) (55,-4.9999999999999867e-1) (56,5.0000000000001377e-2) (57,
    -5.2499999999999858e-1) (58,2.5000000000001465e-2) (59,-5.4999999999999849e-1) (60,-1.1249999999999984) (61,
    -5.749999999999984e-1) (62,-1.5999999999999983) (63,-1.4999999999999982) (64,-1.3999999999999981) (65,
    -1.299999999999998) (66,-1.199999999999998) (67,-1.0999999999999979) (68,-9.9999999999999789e-1) (69,
    -8.9999999999999791e-1) (70,-7.9999999999999793e-1) (71,-6.9999999999999796e-1) (72,-5.9999999999999798e-1) (73,
    -4.99999999999998e-1) (74,-3.9999999999999802e-1) (75,-2.9999999999999805e-1) (76,-1.9999999999999807e-1) (77,
    -9.999999999999809e-2) (78,1.8873791418627661e-15) (79,5.5000000000000193e-1) (80,-2.4999999999998024e-2) (81,
    -5.9999999999999798e-1) (82,-4.9999999999997935e-2) (83,-6.2499999999999789e-1) (84,-1.199999999999998) (85,
    -6.4999999999999791e-1) (86,-5.4999999999999793e-1) (87,-4.4999999999999796e-1) (88,-3.4999999999999798e-1) (89,
    -2.49999999999998e-1) (90,-1.4999999999999802e-1) (91,-4.9999999999998046e-2) (92,5.0000000000001932e-2) (93,
    1.5000000000000191e-1) (94,2.5000000000000189e-1) (95,3.5000000000000187e-1) (96,4.5000000000000184e-1) (97,
    5.5000000000000182e-1) (98,6.500000000000018e-1) (99,7.5000000000000178e-1) (100,-2.7499999999999813e-1) (101,
    -1.7499999999999816e-1) (102,-7.4999999999998179e-2) (103,4.7500000000000187e-1) (104,-9.999999999999809e-2) (105,
    4.5000000000000195e-1) (106,-1.24999999999998e-1) (107,-6.9999999999999796e-1) (108,-1.4999999999999791e-1) (109,
    -7.2499999999999787e-1) (110,-6.2499999999999789e-1) (111,-5.2499999999999791e-1) (112,-4.2499999999999793e-1) (
    113,-3.2499999999999796e-1) (114,-2.2499999999999798e-1) (115,-1.24999999999998e-1) (116,-2.4999999999998024e-2) (
    117,7.5000000000001954e-2) (118,1.7500000000000193e-1) (119,2.7500000000000191e-1) (120,3.7500000000000189e-1) (
    121,4.7500000000000187e-1) (122,5.7500000000000184e-1) (123,6.7500000000000182e-1) (124,7.750000000000018e-1) (
    125,-2.4999999999999811e-1) (126,-1.4999999999999813e-1) (127,4.0000000000000191e-1) (128,-1.7499999999999805e-1)
    (129,3.75000000000002e-1) (130,-1.9999999999999796e-1) (131,3.5000000000000209e-1) (132,-2.2499999999999787e-1) (
    133,-7.9999999999999782e-1) (134,-6.9999999999999785e-1) (135,-5.9999999999999787e-1) (136,-4.9999999999999789e-1)
    (137,-3.9999999999999791e-1) (138,-2.9999999999999793e-1) (139,-1.9999999999999796e-1) (140,
    -9.9999999999997979e-2) (141,1.9984014443252818e-15) (142,1.0000000000000198e-1) (143,2.0000000000000195e-1) (144,
    3.0000000000000193e-1) (145,4.0000000000000191e-1) (146,5.0000000000000189e-1) (147,6.0000000000000187e-1) (148,
    7.0000000000000184e-1) (149,8.0000000000000182e-1) (150,-2.2499999999999809e-1) (151,3.2500000000000195e-1) (152,
    8.75000000000002e-1) (153,3.0000000000000204e-1) (154,-2.7499999999999791e-1) (155,2.7500000000000213e-1) (156,
    -2.9999999999999782e-1) (157,2.5000000000000222e-1) (158,-7.7499999999999769e-1) (159,-6.7499999999999771e-1) (
    160,-5.7499999999999774e-1) (161,-4.7499999999999776e-1) (162,-3.7499999999999778e-1) (163,-2.749999999999978e-1)
    (164,-1.7499999999999782e-1) (165,-7.4999999999997846e-2) (166,2.5000000000002132e-2) (167,1.2500000000000211e-1)
    (168,2.2500000000000209e-1) (169,3.2500000000000207e-1) (170,4.2500000000000204e-1) (171,5.2500000000000202e-1) (
    172,6.25000000000002e-1) (173,7.2500000000000198e-1) (174,8.2500000000000195e-1) (175,2.50000000000002e-1) (176,
    8.0000000000000204e-1) (177,2.2500000000000209e-1) (178,7.7500000000000213e-1) (179,2.0000000000000218e-1) (180,
    -3.7499999999999778e-1) (181,1.7500000000000226e-1) (182,2.7500000000000224e-1) (183,3.7500000000000222e-1) (184,
    4.750000000000022e-1) (185,5.7500000000000218e-1) (186,6.7500000000000215e-1) (187,7.7500000000000213e-1) (188,
    8.7500000000000211e-1) (189,9.7500000000000209e-1) (190,1.075000000000002) (191,9.5000000000000195e-1) (192,
    1.050000000000002) (193,9.2500000000000204e-1) (194,-9.9999999999997868e-2) (195,2.1094237467877974e-15) (196,
    1.0000000000000209e-1) (197,2.0000000000000207e-1) (198,-8.2499999999999785e-1) (199,-2.749999999999978e-1) (200,
    2.7500000000000224e-1) (201,-2.9999999999999771e-1) (202,-8.7499999999999767e-1) (203,-3.2499999999999762e-1) (
    204,-8.9999999999999758e-1) (205,-3.4999999999999754e-1) (206,-1.3749999999999973) (207,-1.2749999999999972) (208,
    -1.1749999999999972) (209,-1.0749999999999971) (210,-9.7499999999999709e-1) (211,-8.7499999999999711e-1) (212,
    -7.7499999999999714e-1) (213,-6.7499999999999716e-1) (214,-5.7499999999999718e-1) (215,-4.749999999999972e-1) (
    216,-3.7499999999999722e-1) (217,-2.7499999999999725e-1) (218,-1.7499999999999727e-1) (219,-7.4999999999997291e-2)
    (220,2.5000000000002687e-2) (221,1.2500000000000266e-1) (222,-8.9999999999999725e-1) (223,-3.499999999999972e-1) (
    224,2.0000000000000284e-1) (225,-3.7499999999999711e-1) (226,1.7500000000000293e-1) (227,-3.9999999999999702e-1) (
    228,-9.7499999999999698e-1) (229,-4.2499999999999694e-1) (230,-3.2499999999999696e-1) (231,-2.2499999999999698e-1)
    (232,-1.24999999999997e-1) (233,-2.4999999999997025e-2) (234,7.5000000000002953e-2) (235,1.7500000000000293e-1) (
    236,2.7500000000000291e-1) (237,3.7500000000000289e-1) (238,4.7500000000000286e-1) (239,5.7500000000000284e-1) (
    240,6.7500000000000282e-1) (241,7.750000000000028e-1) (242,8.7500000000000278e-1) (243,-1.4999999999999714e-1) (
    244,-4.9999999999997158e-2) (245,5.000000000000282e-2) (246,1.500000000000028e-1) (247,7.0000000000000284e-1) (
    248,1.2500000000000289e-1) (249,-4.4999999999999707e-1) (250,1.0000000000000298e-1) (251,-4.7499999999999698e-1) (
    252,-1.0499999999999969) (253,-4.9999999999999689e-1) (254,-3.9999999999999691e-1) (255,-2.9999999999999694e-1) (
    256,-1.9999999999999696e-1) (257,-9.999999999999698e-2) (258,2.9976021664879227e-15) (259,1.0000000000000298e-1) (
    260,2.0000000000000295e-1) (261,3.0000000000000293e-1) (262,4.0000000000000291e-1) (263,5.0000000000000289e-1) (
    264,6.0000000000000286e-1) (265,7.0000000000000284e-1) (266,8.0000000000000282e-1) (267,9.000000000000028e-1) (
    268,-1.2499999999999711e-1) (269,-2.4999999999997136e-2) (270,7.5000000000002842e-2) (271,6.2500000000000289e-1) (
    272,5.0000000000002931e-2) (273,6.0000000000000298e-1) (274,2.500000000000302e-2) (275,-5.4999999999999694e-1) (
    276,3.1086244689504383e-15) (277,-5.7499999999999685e-1) (278,-4.7499999999999687e-1) (279,-3.7499999999999689e-1)
    (280,-2.7499999999999691e-1) (281,-1.7499999999999694e-1) (282,-7.4999999999996958e-2) (283,2.500000000000302e-2)
    (284,1.25000000000003e-1) (285,2.2500000000000298e-1) (286,3.2500000000000295e-1) (287,4.2500000000000293e-1) (
    288,5.2500000000000291e-1) (289,6.2500000000000289e-1) (290,7.2500000000000286e-1) (291,8.2500000000000284e-1) (
    292,9.2500000000000282e-1) (293,-9.9999999999997091e-2) (294,2.886579864025407e-15) (295,5.5000000000000293e-1) (
    296,-2.4999999999997025e-2) (297,5.2500000000000302e-1) (298,-4.9999999999996936e-2) (299,5.0000000000000311e-1) (
    300,-7.4999999999996847e-2) (301,4.750000000000032e-1) (302,-5.4999999999999671e-1) (303,-4.4999999999999674e-1) (
    304,-3.4999999999999676e-1) (305,-2.4999999999999678e-1) (306,-1.499999999999968e-1) (307,-4.9999999999996825e-2)
    (308,5.0000000000003153e-2) (309,1.5000000000000313e-1) (310,2.5000000000000311e-1) (311,3.5000000000000309e-1) (
    312,4.5000000000000306e-1) (313,5.5000000000000304e-1) (314,6.5000000000000302e-1) (315,7.50000000000003e-1) (316,
    8.5000000000000298e-1) (317,9.5000000000000295e-1) (318,-7.4999999999996958e-2) (319,4.7500000000000309e-1) (320,
    1.025000000000003) (321,4.5000000000000306e-1) (322,-1.2499999999999689e-1) (323,4.2500000000000315e-1) (324,
    -1.499999999999968e-1) (325,4.0000000000000324e-1) (326,-6.2499999999999667e-1) (327,-5.2499999999999669e-1) (328,
    -4.2499999999999671e-1) (329,-3.2499999999999674e-1) (330,-2.2499999999999676e-1) (331,-1.2499999999999678e-1) (
    332,-2.4999999999996803e-2) (333,7.5000000000003175e-2) (334,1.7500000000000315e-1) (335,2.7500000000000313e-1) (
    336,3.7500000000000311e-1) (337,4.7500000000000309e-1) (338,5.7500000000000306e-1) (339,6.7500000000000304e-1) (
    340,7.7500000000000302e-1) (341,8.75000000000003e-1) (342,9.7500000000000298e-1) (343,1.525000000000003) (344,
    9.5000000000000306e-1) (345,3.7500000000000311e-1) (346,9.2500000000000315e-1) (347,3.500000000000032e-1) (348,
    -2.2499999999999676e-1) (349,3.2500000000000329e-1) (350,4.2500000000000326e-1) (351,5.2500000000000324e-1) (352,
    6.2500000000000322e-1) (353,7.250000000000032e-1) (354,8.2500000000000318e-1) (355,9.2500000000000315e-1) (356,
    1.025000000000003) (357,9.0000000000000302e-1) (358,1.0000000000000031) (359,8.7500000000000311e-1) (360,
    9.7500000000000309e-1) (361,1.0750000000000031) (362,5.0000000000003153e-2) (363,1.5000000000000313e-1) (364,
    2.5000000000000311e-1) (365,3.5000000000000309e-1) (366,-6.7499999999999682e-1) (367,-1.2499999999999678e-1) (368,
    4.2500000000000326e-1) (369,-1.4999999999999669e-1) (370,-7.2499999999999665e-1) (371,-1.749999999999966e-1) (372,
    -7.4999999999999656e-1) (373,-1.9999999999999651e-1) (374,-1.2249999999999965) (375,-1.1249999999999964) (376,
    -1.0249999999999964) (377,-9.2499999999999638e-1) (378,-8.249999999999964e-1) (379,-7.2499999999999643e-1) (380,
    -6.2499999999999645e-1) (381,-5.2499999999999647e-1) (382,-4.2499999999999649e-1) (383,-3.2499999999999651e-1) (
    384,-2.2499999999999654e-1) (385,-1.2499999999999656e-1) (386,-2.4999999999996581e-2) (387,7.5000000000003397e-2)
    (388,1.7500000000000338e-1) (389,2.7500000000000335e-1) (390,3.7500000000000333e-1) (391,-1.9999999999999662e-1) (
    392,3.5000000000000342e-1) (393,-2.2499999999999654e-1) (394,3.2500000000000351e-1) (395,-2.4999999999999645e-1) (
    396,-8.249999999999964e-1) (397,-2.7499999999999636e-1) (398,-1.7499999999999638e-1) (399,-7.4999999999996403e-2)
    (400,2.5000000000003575e-2) (401,1.2500000000000355e-1) (402,2.2500000000000353e-1) (403,3.2500000000000351e-1) (
    404,4.2500000000000349e-1) (405,5.2500000000000346e-1) (406,6.2500000000000344e-1) (407,7.2500000000000342e-1) (
    408,8.250000000000034e-1) (409,9.2500000000000338e-1) (410,1.0250000000000035) (411,9.0000000000000346e-1) (412,
    -1.2499999999999645e-1) (413,-2.4999999999996469e-2) (414,7.5000000000003508e-2) (415,-4.9999999999999645e-1) (
    416,5.0000000000003597e-2) (417,-5.2499999999999636e-1) (418,2.5000000000003686e-2) (419,-5.4999999999999627e-1) (
    420,-1.1249999999999962) (421,-5.7499999999999618e-1) (422,-4.749999999999962e-1) (423,-3.7499999999999623e-1) (
    424,-2.7499999999999625e-1) (425,-1.7499999999999627e-1) (426,-7.4999999999996292e-2) (427,2.5000000000003686e-2)
    (428,1.2500000000000366e-1) (429,2.2500000000000364e-1) (430,3.2500000000000362e-1) (431,4.250000000000036e-1) (
    432,5.2500000000000357e-1) (433,6.2500000000000355e-1) (434,7.2500000000000353e-1) (435,8.2500000000000351e-1) (
    436,-1.999999999999964e-1) (437,-9.9999999999996425e-2) (438,3.5527136788005009e-15) (439,5.500000000000036e-1) (
    440,-2.4999999999996358e-2) (441,-5.9999999999999631e-1) (442,-4.999999999999627e-2) (443,-6.2499999999999623e-1)
    (444,-7.4999999999996181e-2) (445,-6.4999999999999614e-1) (446,-5.4999999999999616e-1) (447,
    -4.4999999999999618e-1) (448,-3.499999999999962e-1) (449,-2.4999999999999623e-1) (450,-1.4999999999999625e-1) (
    451,-4.999999999999627e-2) (452,5.0000000000003708e-2) (453,1.5000000000000369e-1) (454,2.5000000000000366e-1) (
    455,3.5000000000000364e-1) (456,4.5000000000000362e-1) (457,5.500000000000036e-1) (458,6.5000000000000357e-1) (
    459,7.5000000000000355e-1) (460,-2.7499999999999636e-1) (461,-1.7499999999999638e-1) (462,-7.4999999999996403e-2)
    (463,4.7500000000000364e-1) (464,-9.9999999999996314e-2) (465,4.5000000000000373e-1) (466,-1.2499999999999623e-1)
    (467,-6.9999999999999618e-1) (468,-1.4999999999999614e-1) (469,-7.2499999999999609e-1) (470,
    -6.2499999999999611e-1) (471,-5.2499999999999614e-1) (472,-4.2499999999999616e-1) (473,-3.2499999999999618e-1) (
    474,-2.249999999999962e-1) (475,-1.2499999999999623e-1) (476,-2.4999999999996247e-2) (477,7.500000000000373e-2) (
    478,1.7500000000000371e-1) (479,2.7500000000000369e-1) (480,3.7500000000000366e-1) (481,4.7500000000000364e-1) (
    482,5.7500000000000362e-1) (483,6.750000000000036e-1) (484,7.7500000000000357e-1) (485,-2.4999999999999634e-1) (
    486,-1.4999999999999636e-1) (487,4.0000000000000369e-1) (488,-1.7499999999999627e-1) (489,3.7500000000000377e-1) (
    490,-1.9999999999999618e-1) (491,3.5000000000000386e-1) (492,-2.2499999999999609e-1) (493,3.2500000000000395e-1) (
    494,-6.9999999999999596e-1) (495,-5.9999999999999598e-1) (496,-4.99999999999996e-1) (497,-3.9999999999999603e-1) (
    498,-2.9999999999999605e-1) (499,-1.9999999999999607e-1) (500,-9.9999999999996092e-2) (501,3.8857805861880479e-15)
    (502,1.0000000000000386e-1) (503,2.0000000000000384e-1) (504,3.0000000000000382e-1) (505,4.000000000000038e-1) (
    506,5.0000000000000377e-1) (507,6.0000000000000375e-1) (508,7.0000000000000373e-1) (509,8.0000000000000371e-1) (
    510,-2.249999999999962e-1) (511,3.2500000000000384e-1) (512,8.7500000000000389e-1) (513,3.0000000000000393e-1) (
    514,-2.7499999999999603e-1) (515,2.7500000000000402e-1) (516,-2.9999999999999594e-1) (517,2.5000000000000411e-1) (
    518,-7.749999999999958e-1) (519,-6.7499999999999583e-1) (520,-5.7499999999999585e-1) (521,-4.7499999999999587e-1)
    (522,-3.7499999999999589e-1) (523,-2.7499999999999591e-1) (524,-1.7499999999999594e-1) (525,
    -7.4999999999995959e-2) (526,2.5000000000004019e-2) (527,1.25000000000004e-1) (528,2.2500000000000397e-1) (529,
    3.2500000000000395e-1) (530,4.2500000000000393e-1) (531,5.2500000000000391e-1) (532,6.2500000000000389e-1) (533,
    7.2500000000000386e-1) (534,8.2500000000000384e-1) (535,1.375000000000004) (536,8.0000000000000404e-1) (537,
    2.2500000000000409e-1) (538,7.7500000000000413e-1) (539,2.0000000000000417e-1) (540,-3.7499999999999578e-1) (541,
    1.7500000000000426e-1) (542,2.7500000000000424e-1) (543,3.7500000000000422e-1) (544,4.750000000000042e-1) (545,
    5.7500000000000417e-1) (546,6.7500000000000415e-1) (547,7.7500000000000413e-1) (548,8.7500000000000411e-1) (549,
    9.7500000000000409e-1) (550,1.0750000000000042) (551,9.5000000000000417e-1) (552,1.0500000000000043) (553,
    9.2500000000000426e-1) (554,-9.9999999999995648e-2) (555,4.3298697960381105e-15) (556,1.0000000000000431e-1) (557,
    2.0000000000000429e-1) (558,-8.2499999999999563e-1) (559,-2.7499999999999558e-1) (560,2.7500000000000446e-1) (561,
    -2.9999999999999549e-1) (562,-8.7499999999999545e-1) (563,-3.249999999999954e-1) (564,-8.9999999999999536e-1) (
    565,-3.4999999999999531e-1) (566,-1.3749999999999951) (567,-1.274999999999995) (568,-1.1749999999999949) (569,
    -1.0749999999999948) (570,-9.7499999999999487e-1) (571,-8.7499999999999489e-1) (572,-7.7499999999999492e-1) (573,
    -6.7499999999999494e-1) (574,-5.7499999999999496e-1) (575,-4.7499999999999498e-1) (576,-3.74999999999995e-1) (577,
    -2.7499999999999503e-1) (578,-1.7499999999999505e-1) (579,-7.4999999999995071e-2) (580,2.5000000000004907e-2) (
    581,1.2500000000000488e-1) (582,2.2500000000000486e-1) (583,7.7500000000000491e-1) (584,2.0000000000000495e-1) (
    585,-3.74999999999995e-1) (586,1.7500000000000504e-1) (587,-3.9999999999999492e-1) (588,-9.7499999999999487e-1) (
    589,-4.2499999999999483e-1) (590,-3.2499999999999485e-1) (591,-2.2499999999999487e-1) (592,-1.2499999999999489e-1)
    (593,-2.4999999999994915e-2) (594,7.5000000000005063e-2) (595,1.7500000000000504e-1) (596,2.7500000000000502e-1) (
    597,3.75000000000005e-1) (598,4.7500000000000497e-1) (599,5.7500000000000495e-1) (600,6.7500000000000493e-1) (601,
    7.7500000000000491e-1) (602,8.7500000000000488e-1) (603,9.7500000000000486e-1) (604,-4.9999999999995048e-2) (605,
    5.0000000000004929e-2) (606,1.5000000000000491e-1) (607,7.0000000000000495e-1) (608,1.25000000000005e-1) (609,
    -4.4999999999999496e-1) (610,1.0000000000000508e-1) (611,-4.7499999999999487e-1) (612,7.5000000000005174e-2) (613,
    -4.9999999999999478e-1) (614,-3.999999999999948e-1) (615,-2.9999999999999483e-1) (616,-1.9999999999999485e-1) (
    617,-9.9999999999994871e-2) (618,5.1070259132757201e-15) (619,1.0000000000000508e-1) (620,2.0000000000000506e-1) (
    621,3.0000000000000504e-1) (622,4.0000000000000502e-1) (623,5.00000000000005e-1) (624,6.0000000000000497e-1) (625,
    7.0000000000000495e-1) (626,8.0000000000000493e-1) (627,9.0000000000000491e-1) (628,1.0000000000000049) (629,
    -2.4999999999995026e-2) (630,7.5000000000004952e-2) (631,6.25000000000005e-1) (632,5.000000000000504e-2) (633,
    6.0000000000000508e-1) (634,2.5000000000005129e-2) (635,-5.4999999999999483e-1) (636,5.2180482157382357e-15) (637,
    -5.7499999999999474e-1) (638,-4.7499999999999476e-1) (639,-3.7499999999999478e-1) (640,-2.749999999999948e-1) (
    641,-1.7499999999999483e-1) (642,-7.4999999999994849e-2) (643,2.5000000000005129e-2) (644,1.2500000000000511e-1) (
    645,2.2500000000000508e-1) (646,3.2500000000000506e-1) (647,4.2500000000000504e-1) (648,5.2500000000000502e-1) (
    649,6.25000000000005e-1) (650,7.2500000000000497e-1) (651,8.2500000000000495e-1) (652,9.2500000000000493e-1) (653,
    -9.9999999999994982e-2) (654,4.9960036108132044e-15) (655,5.5000000000000504e-1) (656,1.100000000000005) (657,
    5.2500000000000502e-1) (658,-4.9999999999994937e-2) (659,5.0000000000000511e-1) (660,-7.4999999999994849e-2) (661,
    4.750000000000052e-1) (662,-5.4999999999999472e-1) (663,-4.4999999999999474e-1) (664,-3.4999999999999476e-1) (665,
    -2.4999999999999478e-1) (666,-1.499999999999948e-1) (667,-4.9999999999994826e-2) (668,5.0000000000005151e-2) (669,
    1.5000000000000513e-1) (670,2.5000000000000511e-1) (671,3.5000000000000508e-1) (672,4.5000000000000506e-1) (673,
    5.5000000000000504e-1) (674,6.5000000000000502e-1) (675,7.50000000000005e-1) (676,8.5000000000000497e-1) (677,
    9.5000000000000495e-1) (678,-7.499999999999496e-2) (679,4.7500000000000508e-1) (680,1.0250000000000052) (681,
    4.5000000000000528e-1) (682,-1.2499999999999467e-1) (683,4.2500000000000537e-1) (684,-1.4999999999999458e-1) (685,
    4.0000000000000546e-1) (686,-6.2499999999999445e-1) (687,-5.2499999999999447e-1) (688,-4.2499999999999449e-1) (
    689,-3.2499999999999452e-1) (690,-2.2499999999999454e-1) (691,-1.2499999999999456e-1) (692,-2.4999999999994582e-2)
    (693,7.5000000000005396e-2) (694,1.7500000000000537e-1) (695,2.7500000000000535e-1) (696,3.7500000000000533e-1) (
    697,4.7500000000000531e-1) (698,5.7500000000000528e-1) (699,6.7500000000000526e-1) (700,7.7500000000000524e-1) (
    701,8.7500000000000522e-1) (702,9.750000000000052e-1) (703,1.5250000000000052) (704,9.5000000000000528e-1) (705,
    3.7500000000000533e-1) (706,9.2500000000000537e-1) (707,3.5000000000000542e-1) (708,-2.2499999999999454e-1) (709,
    3.2500000000000551e-1) (710,4.2500000000000548e-1) (711,5.2500000000000546e-1) (712,6.2500000000000544e-1) 713,7.2500000000000542e-1
